8826 19065
9384 20140
25533 28008
13013 15605
24982 27147
23812 11356
15376 26768
15785 13078
11356 17004
31669 5335
22029 27804
17768 7993
14472 22321
28007 9570
21685 26123
24078 24289
23291 26341
22279 11738
30060 10386
10524 4195
572 6021
25673 16685
21112 919
11286 19303
16628 29445
9764 5599
13702 9912
14085 10603
26737 13258
336 13959
31268 22085
23285 7743
13093 24878
11471 592
72 28610
28792 8330
32548 15359
16481 32120
11975 15974
11810 8771
6313 31488
21262 29140
1503 8095
20235 22841
5265 22374
10657 24394
16814 30603
18768 22412
15070 26972
29991 15445
3257 30080
5266 29745
310 21632
8564 1669
16998 10374
117 882
5474 17508
13214 8956
16770 25559
6947 24428
30671 14605
14463 3826
20155 29542
10182 16527
9744 9080
17207 24626
1831 8277
9489 26146
21850 21008
31657 5531
25275 1405
25528 3772
15623 11577
15609 14241
18133 13290
11508 16588
28947 17352
17428 18633
10419 10077
30976 25361
19618 10120
28200 1584
16378 2760
13726 9507
27768 6583
1832 30724
18736 19669
7315 14313
14719 1927
10314 21001
22594 1120
6695 22048
837 22174
9864 9237
15103 9464
17318 7386
10876 407
4386 23189
27546 866
24033 13309
23416 1150
16410 3846
4908 10773
29613 18112
22708 6487
29367 10364
7215 32191
31843 19506
21838 17560
32259 19487
21765 12735
4703 8114
24454 12714
2892 7593
8815 3241
14721 27000
23362 24428
26279 20458
16919 31942
13743 22282
3213 7344
23912 1348
7430 31889
29009 9160
12820 21693
11436 47
10798 18235
29651 29025
12200 11211
32719 9142
24802 23847
26663 28763
18623 27530
32502 17400
15192 22639
13120 22671
27378 16283
28038 18088
18734 4445
6808 12715
2176 16917
22699 5005
20962 4851
31403 27566
714 22529
21971 21762
1881 24420
3450 18288
9429 24031
20784 2167
18521 1176
16649 3863
11723 9247
27705 24303
29455 172
7649 7843
27514 15272
27689 28032
18314 30319
15759 15459
25812 4693
14463 11734
23101 12775
20771 16765
5229 24435
27004 20145
5761 31946
14258 4714
13056 24644
26280 21602
20753 17157
9428 26487
4587 25727
5454 2385
27276 1848
22310 25926
1454 10957
5883 15994
503 10040
24265 1355
24688 3406
6147 23532
14136 28811
29666 20047
31866 32274
11772 16713
32156 1264
23832 23793
22201 21409
17985 30281
32338 3797
26137 15392
14656 25972
9328 11062
2797 17887
26133 3490
30148 30841
28908 2417
8166 17254
22081 656
12319 31634
22364 21484
30488 9973
30806 9175
14542 5142
13611 22446
10818 2766
3343 27320
30579 31311
22534 11346
25993 18532
6831 10569
25939 9723
19552 17544
10739 3296
17272 17139
6104 19147
15345 20114
8173 15773
11317 13554
23312 9447
23603 25800
31174 11436
29361 28376
23597 5480
27876 3605
26162 7504
13374 31498
25603 3804
18055 3704
4808 6275
9263 30529
8590 20933
30947 1924
16003 4463
12894 23818
1129 31003
31106 26849
23621 23030
16807 6726
10071 22214
25139 12489
17743 26411
28266 31147
19134 8228
16264 31883
31691 26070
25869 23361
24359 27273
28505 26891
32067 7924
18552 15591
8128 30650
3903 17215
9511 11316
10392 4811
15578 21105
31514 2228
8010 31867
2269 28661
5739 15068
23436 14343
27237 10337
30395 32445
1677 25374
17531 29037
27283 5810
12332 18768
15356 31693
25491 26411
3027 28911
23085 21039
9372 4210
16066 7710
29834 26570
18236 31920
26610 13324
698 32309
18430 18349
19937 17787
29094 32140
24946 13042
30940 23859
12066 19214
3079 21594
166 23533
11187 10669
3341 9786
2695 3280
30802 3409
10615 26527
28978 4772
1083 21690
24891 8285
25087 24385
25382 26437
7772 28636
29542 21476
32391 2815
3841 24298
26312 17516
13471 15565
1070 3065
31712 12468
16002 14227
14067 1684
1657 28291
21093 30872
21549 23024
26422 967
27086 16037
13106 28641
11925 25621
27518 3721
13818 27804
7538 30121
18215 776
4518 14611
30892 344
25936 26468
13428 29892
19917 20014
14328 8957
14973 18774
25778 29877
18644 8634
29909 26978
16046 16151
26683 30783
32483 12587
15775 660
11292 21526
19468 15160
28133 5126
20629 10068
3075 5139
1095 7273
21511 15464
20060 24469
32035 29604
26289 18962
32317 1920
31867 5887
2626 2225
13621 15971
9917 7696
6109 367
4264 4856
14431 3075
25473 9455
14162 20340
13985 21641
27106 31373
9418 15754
15885 13011
29183 14923
12051 29453
17304 22111
24103 13060
7829 21621
9067 15496
8243 19328
11035 20915
9405 7958
29448 2162
20645 22294
15433 32576
12243 6798
17709 20277
24381 20956
24436 24384
29880 13331
14014 31921
6413 17312
23363 23802
2128 32301
25797 27830
27757 17349
16835 4074
17924 14649
1776 14219
22391 10691
21219 28737
17985 11242
6672 20075
26249 3493
28407 23395
25846 19395
6811 26627
17094 6282
6454 26728
22554 13727
20267 15605
20628 9510
2620 3227
22052 30249
8957 5208
24095 12350
21128 4094
19602 8804
4211 8246
25045 6447
3327 20932
9827 16421
7058 10765
18664 12903
8552 23766
8860 32404
23685 3918
21968 8682
5870 19535
15046 16046
6680 3553
3782 4558
30369 0
6510 27590
29758 24735
15434 12480
15861 8428
8357 9215
7820 11222
30622 637
24897 30156
126 12499
10939 14792
18760 90
24129 1933
23954 20368
25386 1837
22420 2493
24212 5581
1919 18902
13657 8108
9488 9377
27199 23394
16228 24090
11375 19046
24334 3606
10793 8915
3687 30758
31669 1644
15397 6846
15005 10973
11311 14742
6425 22340
27312 26449
3531 23279
30058 21085
26540 24935
3918 22810
24135 18350
29257 10558
29221 22214
21344 28280
12680 1906
27903 21587
13660 13121
910 24414
27242 22215
6214 24970
31439 18734
15939 3539
27564 3310
17882 28450
17184 7640
12844 18034
19059 24665
11515 5170
16532 5629
27837 20715
4294 31538
16623 6435
24982 29263
14508 20609
4112 24532
6014 50
27442 7155
3188 29834
17313 7504
24437 24047
9115 16646
2259 30963
17197 21482
26403 448
3238 16659
1869 30393
17739 2458
13023 28254
11852 27038
14503 1136
12791 20107
9088 8790
28972 668
21356 9920
17681 12703
11491 12426
2310 11001
21099 4323
16604 1257
7273 10414
28481 1297
17207 13608
12415 29234
28534 20428
28007 13111
9382 9588
14983 24437
14836 10432
14244 9265
21842 17339
868 9058
7373 19644
5962 12217
4635 17035
8167 2527
19572 5061
9551 766
1188 30082
6091 10370
10077 3380
5325 23841
25041 29139
30761 792
23680 18487
3457 7096
6223 32453
30209 34
8667 27725
5709 5967
3852 22067
8376 11603
31469 8653
4023 20450
29627 13581
9365 21523
3900 19040
15976 26980
6481 15317
7491 24062
4303 2434
26029 30779
26251 7972
30802 2406
12980 7429
29177 7618
21606 10275
26550 28109
12155 1422
13153 29893
31909 1298
25670 20588
24506 32534
10270 19977
14414 27076
16447 18607
24711 18794
22287 15553
20013 32
18878 13494
18945 16556
14901 29466
12624 10402
32073 32213
30151 17872
14645 28336
20361 2776
18503 11541
21887 30495
13273 29974
28655 30182
23427 20402
22865 14519
7311 24659
8542 4355
3501 11162
26217 3337
8936 15199
14578 23545
19929 17396
23929 15706
28187 11946
24720 32681
9727 11671
12596 21059
26496 15510
13661 28293
19833 13198
3284 23601
5397 19960
30277 21779
19335 19355
2709 3045
1020 3738
17013 23153
10702 23217
31288 6901
17147 6588
26593 12491
14037 18809
14209 1097
27899 30350
16832 30183
22663 26830
4281 3231
17289 25784
9995 25498
28341 9792
15660 6920
22872 30931
26881 20560
17809 4245
25516 24937
19645 2285
24998 32647
6195 11331
12557 21755
4658 26888
4671 16980
8983 6135
32423 30411
20179 30619
20951 26590
18077 274
2263 27706
17124 31248
3005 32222
14728 26663
13694 26494
17481 18757
3588 24869
19328 13694
27265 24607
18701 19979
26626 7702
14224 7571
29767 7035
476 19882
22738 8488
1704 21912
31806 1347
1160 1627
19922 14181
540 6127
3926 22523
1671 7116
28965 24301
13859 30897
13444 5502
10100 21408
18482 26484
1114 2601
4929 20344
19338 8684
25123 25279
17982 20826
10760 16362
1580 1467
5736 25899
32693 2677
5339 12714
5216 13707
21297 5671
8582 15716
25535 14560
26447 7118
31735 4277
23517 8770
316 15242
16070 9066
22516 5101
200 21984
10462 18936
21432 21561
4261 889
30396 24130
28086 18257
4794 16265
16463 14362
15120 32543
20697 25101
26246 15517
4216 8226
29824 24165
26592 23672
4729 29994
26730 12280
5548 30899
4967 9526
7444 16859
11188 8855
3991 26077
17807 16313
19071 22222
2216 2575
5161 28011
22651 31948
9985 16405
22238 12291
26798 27418
29910 780
8585 11830
1455 17961
18516 858
2124 10089
13865 4779
6843 26317
22192 10190
19468 5546
10389 3171
16484 25934
8761 27599
23373 18662
20136 9279
25680 28320
14028 10474
22982 21516
27360 22934
26091 31176
16422 29533
10804 31324
5853 32433
21731 2147
15470 24222
13528 6124
15846 25935
16298 14111
16040 4564
15862 23076
10084 23330
4599 7744
16707 11355
19543 18497
4452 30288
837 541
2188 31301
8136 7126
23321 12788
5459 21408
5432 30932
14233 26950
16216 23194
8866 202
9951 11008
26911 6220
7963 19142
31995 5420
20091 15863
1586 11379
23551 30574
7142 10863
4333 32152
5040 23966
17094 19580
23348 10446
6520 6392
4088 129
1493 22861
18806 22422
31812 14046
18799 16166
18358 19764
1667 15789
2268 23110
17663 8554
13720 17399
12790 21000
11441 5857
13459 25981
12746 25169
27053 31795
26005 5522
32156 10341
3652 17007
22603 25805
17472 26867
20367 24188
22302 12403
21431 5641
32463 12751
19045 7149
11542 14068
2972 27694
4927 5029
13593 11579
12303 31612
18407 22039
31223 31019
17454 32698
31116 27400
14156 26037
26684 10441
28710 23060
10041 13963
19904 12424
8890 10522
23564 25798
30051 8044
13056 42
24577 30062
19435 672
27003 5124
16649 21188
15110 586
11093 31048
3223 7201
4766 11158
13726 4583
9181 27063
13809 5509
8646 13172
19206 22703
17309 6331
25958 16487
30283 10564
4702 29123
13233 1907
11768 7153
25660 8833
28970 9080
32442 23511
12364 4800
23148 7098
24015 29653
26460 6445
9517 30568
16624 22803
12828 3351
20160 10389
30727 20718
26533 5827
3518 29229
11026 12670
29037 30539
1192 2453
18635 828
3588 16942
29075 32752
17116 12136
30264 21020
15178 18494
15061 31292
24679 28591
30306 18137
20252 22811
19502 31751
23861 3057
6537 5171
29879 19079
19393 32283
14708 24649
21073 31774
11484 6934
340 2230
17430 29671
30784 25667
9296 10930
24784 12298
31059 22926
6722 14973
6746 17175
9411 24765
28964 24596
24872 10589
22344 28759
30942 31849
24009 4837
548 7334
13034 10583
13431 17948
6723 2688
16718 5586
11029 18512
9480 7897
18651 3320
1059 20619
2593 21327
26798 4629
409 32373
29697 14131
7532 5302
22699 12859
4302 8625
12460 10077
31701 953
997 17705
17803 10363
4812 1617
23618 31969
14692 16561
20519 5175
32365 9612
31770 19085
8919 5913
12477 26204
17789 30526
5579 32108
28432 21403
13740 8436
6737 4810
26438 5380
3204 1765
2581 5920
4641 2377
18558 30765
29644 922
21600 3474
14215 2568
20973 15767
551 27344
25784 11024
11524 22277
4878 17472
25589 2192
29578 14584
24444 2422
22756 7167
3901 89
28682 13238
18613 9794
1138 15868
20008 18845
24238 11088
16859 645
28993 5429
22916 31810
18353 29659
26111 30736
27613 22267
834 27938
13713 9731
1171 27111
14424 11123
28921 6796
17297 28551
9200 6338
10437 9750
26208 26817
15416 13242
5072 18317
17342 3633
8151 11896
18384 31747
4052 12264
31455 30565
15583 4442
10984 14430
29184 18087
29001 10792
15006 12934
5331 20441
30010 20563
21024 23619
32349 11023
32295 280
1998 17831
14093 14674
28681 22649
5951 4817
11757 2068
7869 15174
9397 31039
18105 21585
29737 26174
29536 21222
6421 6480
14328 28149
29179 28796
8491 24650
31749 20109
31138 434
23613 7516
15574 31583
2304 17741
11299 7053
10160 15900
14879 3174
29354 7386
16425 29219
15224 17202
12869 13429
23879 5105
17703 30499
13211 20678
14989 1524
26945 1349
18386 14287
13190 9010
19136 3361
19878 13309
16551 3455
18567 17289
13227 10381
679 26673
4706 7710
23635 3085
9631 12700
31771 23409
6280 11435
14210 31927
18159 29961
