6734 19104
3232 5134
7118 20711
10654 20186
16742 28678
24341 9581
17323 30291
27235 17240
3083 11140
19053 27303
11192 950
3639 24331
16105 949
29107 3129
4162 14967
15575 27533
4240 29673
6386 27891
30394 2287
20544 26375
7157 28837
11196 21115
26678 30444
25397 21689
25325 15394
21412 24010
15344 25136
28605 23927
24757 2762
7876 21422
29125 2802
32162 16423
11373 30654
13880 13638
7351 28764
24819 4676
11161 18771
9377 10378
23915 32011
2179 20573
21662 1424
11427 12480
27820 915
23655 16022
331 22194
12135 14088
13798 2809
11388 6438
20813 16296
8985 25297
428 27446
11999 5336
7354 8343
6507 16993
12338 14779
3699 12171
30343 2903
22033 17233
980 1511
2398 20658
16145 26612
30019 31502
31629 26002
8076 14804
18072 26926
8766 16218
15744 20870
20779 18188
32704 20729
24003 3785
4467 20993
27949 32650
16911 1278
21655 18757
27471 31541
28618 30225
7281 29464
17921 14474
1442 14792
28923 31095
14263 17880
31311 26794
3101 28500
8960 5416
18707 26881
18769 20618
22038 24295
24794 24995
5277 24077
12508 19043
12551 27012
19666 9467
32722 24742
31560 23618
15117 6816
32496 17240
13328 23342
30195 20617
19818 1190
17285 32628
