561 55
73 264
916 596
785 406
894 655
390 77
408 408
347 863
639 392
220 986
929 294
271 734
946 342
635 764
208 567
984 72
396 372
199 0
930 685
970 381
370 879
759 657
208 129
730 217
840 328
793 110
215 669
276 975
702 190
300 977
920 131
50 905
446 897
963 729
841 924
779 561
992 208
937 408
738 697
578 244
246 660
872 894
25 222
299 705
128 819
216 116
190 913
834 486
625 158
510 442
936 536
812 811
703 572
179 154
415 912
627 581
23 373
105 954
96 359
174 533
343 463
225 710
340 283
151 350
427 132
64 308
472 344
827 19
569 345
445 590
158 478
310 431
764 665
988 779
739 553
356 858
357 872
478 926
120 440
281 291
469 241
623 366
209 702
50 96
772 585
79 125
393 396
682 711
877 722
562 729
164 108
534 873
296 480
208 109
859 720
361 426
255 663
269 601
643 865
96 979
153 99
666 270
510 264
31 672
194 638
178 339
617 929
555 258
641 934
654 707
549 218
294 597
408 716
857 100
774 153
46 627
832 143
637 946
175 748
806 48
363 799
500 554
387 982
427 252
760 330
672 879
221 704
840 204
138 242
92 360
106 718
603 25
889 189
736 480
250 110
382 599
687 963
969 421
890 605
623 816
372 516
358 354
645 705
224 366
539 760
685 53
574 776
471 180
451 157
948 841
639 984
63 646
55 180
104 701
654 196
5 5
551 252
657 339
555 118
597 300
596 542
196 954
691 911
747 357
72 183
640 405
216 528
849 461
11 641
201 489
870 757
672 596
255 50
288 611
960 437
39 942
109 3
193 784
633 539
685 380
350 387
956 419
355 272
901 179
915 290
405 826
236 583
341 388
333 102
820 425
836 223
558 19
302 313
861 134
616 140
7 560
78 801
817 307
634 343
75 889
783 519
635 624
718 873
430 510
449 584
596 606
430 868
91 283
215 623
855 237
591 563
361 2
631 209
221 134
667 165
385 238
750 936
123 970
253 357
586 273
691 121
736 457
960 133
501 511
543 997
215 732
248 950
554 833
971 76
715 372
39 761
545 131
538 365
877 288
281 362
545 86
194 551
208 620
608 72
349 503
335 484
990 436
9 583
858 438
480 384
688 365
605 293
962 496
521 310
522 484
210 816
276 613
287 395
525 140
367 110
586 314
759 346
539 269
803 268
169 760
896 494
774 863
191 912
668 52
660 27
689 563
487 247
210 773
346 694
510 243
429 736
396 561
103 296
302 94
294 951
848 464
769 55
684 797
587 442
160 7
802 453
323 944
761 711
867 279
939 166
763 793
722 37
355 579
239 30
496 111
650 638
950 774
611 625
211 965
394 4
397 898
149 274
911 913
416 400
536 98
914 981
964 525
677 164
968 33
462 157
416 233
238 171
691 937
216 982
921 575
876 548
964 213
555 323
789 470
108 339
896 991
79 290
338 352
464 407
434 75
653 35
366 244
467 989
216 225
31 653
929 477
105 627
139 303
157 953
301 184
997 382
555 741
289 924
421 826
289 813
649 648
44 9
499 567
482 363
827 400
623 310
192 156
120 625
900 937
819 962
640 335
442 682
282 389
521 237
59 906
257 102
134 721
523 568
278 35
392 631
63 547
681 144
680 279
931 527
151 515
453 832
237 306
309 296
76 767
175 956
878 424
47 754
408 517
330 951
175 120
584 496
849 477
245 29
208 379
816 843
186 620
91 793
908 426
732 806
329 194
467 865
349 621
309 616
615 52
288 613
510 469
641 726
43 324
243 820
368 171
560 759
535 396
652 527
710 894
48 166
361 551
733 124
185 913
425 139
596 832
415 460
148 834
186 689
428 712
418 53
297 5
147 985
117 548
409 393
778 551
97 926
189 741
196 645
713 587
749 600
885 455
5 843
728 912
812 585
21 522
707 480
978 337
832 835
317 732
522 271
328 644
758 168
524 693
433 324
805 340
671 344
949 705
779 98
739 271
847 678
693 962
95 605
403 336
609 220
142 163
503 185
817 830
577 106
703 54
908 201
109 739
552 547
641 463
809 777
444 118
123 369
780 959
987 845
412 42
204 347
600 850
984 447
84 637
904 790
292 569
437 604
586 65
255 753
283 97
286 112
419 838
976 584
546 233
378 366
86 134
850 794
323 288
180 745
209 536
292 331
254 469
420 774
43 166
614 571
122 766
524 319
320 455
941 388
952 66
379 481
657 469
515 736
408 534
501 287
353 103
565 673
10 243
448 397
296 601
963 207
335 350
185 62
44 863
827 142
117 456
989 558
59 6
135 413
342 132
401 729
986 324
746 896
914 707
163 682
706 34
375 703
256 595
54 989
102 137
946 804
321 963
25 342
614 882
453 129
846 649
993 175
127 356
901 608
941 396
859 982
480 75
962 161
688 194
571 196
550 755
346 704
77 636
495 95
649 641
646 92
31 213
740 713
101 234
60 553
835 407
185 167
370 433
500 55
588 638
455 459
221 70
43 696
520 314
455 995
36 466
627 502
937 441
228 112
782 628
992 235
197 323
908 791
673 999
804 151
78 205
156 307
26 841
556 774
18 630
617 969
264 181
113 231
300 741
391 122
353 386
737 830
90 521
686 853
460 298
195 123
741 431
400 482
189 469
679 225
564 472
812 392
828 251
491 680
785 776
822 944
310 229
303 811
738 936
989 104
187 501
194 402
89 109
572 410
710 529
634 937
381 751
226 322
769 316
184 615
983 771
929 763
926 821
665 480
829 689
714 210
15 950
591 788
795 591
408 729
902 702
686 166
85 636
393 334
205 655
119 405
414 670
544 441
320 393
608 742
444 764
341 586
254 861
914 449
458 252
531 297
156 379
602 463
756 854
506 684
338 421
657 179
527 743
315 828
620 426
116 566
358 632
470 328
459 91
429 81
606 189
919 952
409 289
584 982
635 622
108 308
608 709
966 503
929 753
545 219
803 199
141 286
44 22
821 284
259 440
134 748
0 593
666 216
604 568
102 706
353 716
329 662
301 720
414 939
460 714
123 126
620 473
443 304
365 453
233 446
64 43
303 346
254 377
221 592
69 295
669 220
311 631
951 114
251 830
641 949
352 739
825 508
135 343
214 851
649 470
435 862
897 981
174 603
451 476
688 496
372 423
461 402
764 959
879 784
602 54
486 63
766 891
547 79
493 618
917 758
152 640
972 188
22 742
491 847
364 155
987 632
930 7
462 269
664 13
601 472
272 817
830 872
557 795
537 694
77 674
753 691
755 556
809 368
784 148
200 470
931 398
694 616
702 584
320 901
659 129
261 426
799 414
753 568
742 330
162 497
887 366
658 145
105 297
733 259
838 506
820 465
247 212
504 512
657 793
26 211
558 202
587 414
958 318
607 710
32 401
912 776
468 654
72 216
707 41
951 467
153 686
766 654
105 398
698 136
377 147
469 709
632 617
194 117
374 872
480 388
299 935
161 571
138 908
939 296
295 681
718 281
703 273
31 463
527 547
212 984
992 101
345 973
777 782
51 429
678 365
963 825
647 421
638 603
68 365
634 913
767 139
715 206
82 722
807 610
628 508
798 536
174 753
318 177
890 895
14 232
118 188
82 541
805 67
654 342
431 212
111 659
411 127
206 960
658 129
22 953
749 848
864 953
369 836
788 99
722 951
523 84
182 142
203 425
428 872
179 941
485 271
752 726
745 612
343 249
341 768
875 642
932 768
705 145
875 728
658 809
257 660
442 531
975 203
591 195
636 861
299 769
797 470
213 834
219 355
397 688
357 781
767 431
840 884
434 705
531 981
570 749
408 527
682 564
376 682
550 636
478 617
455 408
479 450
120 375
440 140
226 876
241 952
371 439
369 907
51 442
722 250
898 190
710 383
812 390
42 372
119 132
161 677
207 892
188 187
600 270
177 774
108 399
842 10
860 314
808 805
676 378
143 136
523 236
699 245
520 203
243 400
76 900
821 904
467 235
659 600
284 37
661 785
372 520
783 787
381 72
908 803
549 755
802 879
60 591
304 456
614 338
261 71
699 754
291 187
803 903
405 250
541 30
52 566
1 487
536 290
813 561
581 149
262 28
252 822
631 487
379 153
718 187
688 328
5 576
330 134
366 574
16 336
475 967
671 461
869 228
813 167
307 229
667 882
62 564
819 21
322 596
247 423
648 518
426 524
977 844
858 680
429 610
862 467
926 98
532 373
430 423
711 940
984 588
167 67
246 21
217 637
495 814
617 451
803 851
461 883
409 640
492 18
384 122
158 354
469 805
582 463
494 664
333 70
468 982
81 256
70 198
862 238
475 941
131 909
168 154
16 572
988 339
775 131
511 438
897 190
722 538
922 914
523 295
560 896
119 355
263 328
70 647
321 567
97 609
892 492
151 147
932 863
745 684
179 956
442 798
614 503
499 344
354 703
102 108
654 392
33 19
267 651
437 368
402 241
928 515
396 689
744 927
592 438
377 485
872 60
160 194
157 228
353 567
373 294
398 343
122 710
577 47
108 618
485 577
993 747
271 953
604 475
826 876
156 150
852 917
415 196
