Calc Time used = 6.33
the distancce: 0
the closest pair of points:
(123,11239) and (123,11239)
(735,24960) and (735,24960)
(853,20187) and (853,20187)
(1051,19528) and (1051,19528)
(1058,8807) and (1058,8807)
(1098,19544) and (1098,19544)
(1340,25889) and (1340,25889)
(1902,9328) and (1902,9328)
(2561,9699) and (2561,9699)
(3229,11742) and (3229,11742)
(3275,17352) and (3275,17352)
(3295,27583) and (3295,27583)
(3837,2616) and (3837,2616)
(3899,10424) and (3899,10424)
(4907,27680) and (4907,27680)
(5020,14858) and (5020,14858)
(5266,18245) and (5266,18245)
(5700,11763) and (5700,11763)
(5705,10983) and (5705,10983)
(5763,7244) and (5763,7244)
(5831,1783) and (5831,1783)
(5837,22371) and (5837,22371)
(6141,27444) and (6141,27444)
(6289,9723) and (6289,9723)
(6459,5567) and (6459,5567)
(6636,29400) and (6636,29400)
(7080,6751) and (7080,6751)
(7318,20879) and (7318,20879)
(7893,8911) and (7893,8911)
(7973,21354) and (7973,21354)
(9085,23268) and (9085,23268)
(9409,19148) and (9409,19148)
(9520,762) and (9520,762)
(10054,7659) and (10054,7659)
(10146,30403) and (10146,30403)
(10216,7593) and (10216,7593)
(10387,19004) and (10387,19004)
(10516,6307) and (10516,6307)
(10684,7836) and (10684,7836)
(10780,17896) and (10780,17896)
(11188,5729) and (11188,5729)
(11325,8773) and (11325,8773)
(11381,25006) and (11381,25006)
(12847,19612) and (12847,19612)
(13071,19447) and (13071,19447)
(13298,13142) and (13298,13142)
(13415,928) and (13415,928)
(13842,13719) and (13842,13719)
(14172,26160) and (14172,26160)
(14664,10609) and (14664,10609)
(14941,5558) and (14941,5558)
(14949,9679) and (14949,9679)
(15076,18818) and (15076,18818)
(15235,13482) and (15235,13482)
(15535,22225) and (15535,22225)
(15843,26335) and (15843,26335)
(15889,19765) and (15889,19765)
(16334,4658) and (16334,4658)
(16410,15009) and (16410,15009)
(17556,27996) and (17556,27996)
(17888,14520) and (17888,14520)
(18546,30660) and (18546,30660)
(18716,8062) and (18716,8062)
(18878,27079) and (18878,27079)
(19432,13703) and (19432,13703)
(20389,31889) and (20389,31889)
(22263,5782) and (22263,5782)
(22281,25837) and (22281,25837)
(22333,26972) and (22333,26972)
(23252,21718) and (23252,21718)
(25134,27708) and (25134,27708)
(25194,23339) and (25194,23339)
(25402,31600) and (25402,31600)
(25644,32268) and (25644,32268)
(25862,22303) and (25862,22303)
(25997,12129) and (25997,12129)
(26026,15283) and (26026,15283)
(26201,27488) and (26201,27488)
(26216,24459) and (26216,24459)
(26589,7628) and (26589,7628)
(26717,14313) and (26717,14313)
(27092,28676) and (27092,28676)
(27093,4403) and (27093,4403)
(27276,20801) and (27276,20801)
(27344,7675) and (27344,7675)
(27696,27112) and (27696,27112)
(27745,28749) and (27745,28749)
(27756,6029) and (27756,6029)
(28534,4119) and (28534,4119)
(28737,24487) and (28737,24487)
(29510,31460) and (29510,31460)
(30747,5580) and (30747,5580)
(32129,21930) and (32129,21930)
(32681,22140) and (32681,22140)
(32748,24930) and (32748,24930)
